113
114
115
212
221
315
316
321
337
339
483
491
519
7224
8123
9312
9314
46111
46112
46113
46114
46116
46119
112512
311214
311340
311421
311422
311423
311513
311520
311611
311613
311614
311812
311830
311910
311922
311940
311999
312113
312132
312139
312142
312143
312210
312222
313112
313113
313210
313220
313230
313240
313310
313320
314120
314911
314912
314993
327112	
327121	
327122
327123	
327211
327214	
327215
327216
327219	
327310	
327320	
327330	
327391	
327399	
327410	
327420	
327910	
327991
327999
332211
332212
332320
332430
332720
332991
434112
434211
434222
434224
434228
434311
434312
434313
434314
434319
435220
435311
461212
461213
463111
463113
465211
465214
465915
465919
466112
466113
466114
466312
467115
468319
468413
468414
468419
484221
484223
484224
484229
484239
485112
485210
485990
487210
488111
488112
488190
488210
488310
488320
488390
488410
488491
488492
488493
512113
512290
515110
531112
531119
532121
532210
532282
532491
532492
532493
541410
541712
541721
541722
541830
541870
541890
541942
541943
561410
561421
561432
561790
561910
561990
562111
562112
562121
562221
562911
562921
611112
611122
611132
611142
611162
611172
611152
611411
611421
611422
611511
611512
611612
611699
611710
621112
621115
621116
621212
621311
621312
621342
621399
621411
621412
621422
621492
622112
623112
623221
623222
623312
623992
624111
624112
624122
624191
624198
624199
624211
624212
624221
624222
624232
624311
624312
711112
711122
711131
711132
711212
711312
711510
721111
721112
721190
721210
722310
721311
722330
722513
811115
811122
811191
811192
811211
811313
811430
811492
811493
812120
812130
812910
813210
931510
931810